! directTEST.nml: namelist for calling VTDIRECT to optimize 
! a 3-dimensional MOP
&PROBLEM
N=12
LB(1:12)=-0.2,-0.2,-0.2,0.66667,-0.2,0.3,0.28,0.3,0.26,0.26,0.18,0.18
UB(1:12)=0.2,0.2,0.2,1.06667,0.2,0.7,0.68,0.7,0.66,0.66,0.58,0.58
/
&OPTPARM
iter_lim=0
eval_lim=100
diam_lim=0.0
objf_conv=0
eps_fmin=0.1
c_switch=1
min_sep=0.0
weight(1:12)=1,1,1,1,1,1,1,1,1,1,1,1
n_optbox=1
/
&CHKPTOP
chkpt_start=0
/
