0 0 1
0 1 0
1 0 0
0.52408 0.33814 0.13778
0.046249 0.66662 0.28713
0.19181 0.63931 0.16889
0.69938 0.19008 0.11054
0.29091 0.55967 0.14942
0.20191 0.68727 0.11082
0.10901 0.69843 0.19256
0.14818 0.72366 0.12816
0.45101 0.45115 0.097846
0.32234 0.5376 0.14006
0.92333 0.065954 0.010714
0.65546 0.29135 0.053188
0.061258 0.69349 0.24525
